Date,Close/Last,Volume,Open,High,Low
06/29/2021,$66.27,5328301,$66.4,$66.61,$66.09
06/28/2021,$66.4,8769894,$66.72,$66.99,$66.12
06/25/2021,$66.74,22602670,$65.93,$67.09,$65.71
06/24/2021,$65.85,6742227,$65.46,$66.21,$65.41
06/23/2021,$65.26,7473095,$66.15,$66.22,$65.24
06/22/2021,$65.94,9458979,$66.75,$66.79,$65.71
06/21/2021,$66.83,10195530,$66.61,$67.16,$66.48
06/18/2021,$66.47,15038500,$66.4,$66.73,$65.78
06/17/2021,$66.77,8841491,$67.03,$67.17,$66.23
06/16/2021,$66.92,10795510,$67.42,$67.86,$66.8379
06/15/2021,$67.42,6247883,$67.5,$67.5699,$66.916
06/14/2021,$67.29,5426846,$67.32,$67.45,$66.65
06/11/2021,$67.34,9541745,$67.89,$67.94,$66.78
06/10/2021,$67.39,15019350,$65.55,$67.7,$65.42
06/09/2021,$65.4,13693770,$64.02,$65.55,$63.92
06/08/2021,$63.7,14421170,$64.81,$64.89,$63.22
06/07/2021,$64.77,7974104,$65.03,$65.41,$64.73
06/04/2021,$64.94,8046020,$64.98,$65.23,$64.86
06/03/2021,$64.8,7819427,$64.47,$65.085,$64.285
06/02/2021,$64.69,7517295,$65.24,$65.42,$64.535
06/01/2021,$65.1,8796596,$66.4,$66.4,$65.03
05/28/2021,$65.72,6356983,$65.66,$66.21,$65.6
05/27/2021,$65.71,12255360,$66.3,$66.65,$65.58
05/26/2021,$66.13,8504119,$66.72,$66.8,$65.99
05/25/2021,$66.76,9349798,$67.34,$67.56,$66.67
05/24/2021,$67.29,8441759,$67.27,$67.96,$67.21
05/21/2021,$67.05,9442092,$67.24,$67.92,$66.975
05/20/2021,$67,13165040,$65.32,$67.23,$65.26
05/19/2021,$65.55,7622984,$65.32,$65.58,$64.59
05/18/2021,$65.6,6668342,$65.42,$65.8,$65.13
05/17/2021,$65.46,9172891,$64.84,$65.84,$64.84
05/14/2021,$64.88,7555502,$65.2,$65.29,$64.615
05/13/2021,$65.04,8611631,$64.44,$65.34,$64.44
05/12/2021,$64.53,10640890,$64.43,$65.23,$64.25
05/11/2021,$64.26,9508829,$64.43,$64.9,$64.05
05/10/2021,$64.7,10312260,$64.64,$65.29,$64.59
05/07/2021,$64.44,7847026,$64.7,$65.39,$64.19
05/06/2021,$64.46,11097810,$64.6,$64.72,$64.05
05/05/2021,$64.68,10111350,$63.9,$64.85,$63.86
05/04/2021,$63.95,10563200,$63.38,$64.21,$63.34
05/03/2021,$63.48,10740370,$62.7,$63.585,$62.6501
04/30/2021,$62.42,17026150,$62,$62.765,$61.51
04/29/2021,$62.89,21473280,$65,$65.26,$62.405
04/28/2021,$66.03,7645614,$66.1,$66.385,$65.7501
04/27/2021,$65.96,7472353,$66,$66.28,$65.6
04/26/2021,$65.89,11768760,$65.96,$66,$65.08
04/23/2021,$66.01,14716280,$66.3,$66.93,$65.86
04/22/2021,$66.32,12914500,$66.15,$66.56,$65.82
04/21/2021,$66.32,9532118,$66.52,$66.89,$66.08
04/20/2021,$66.08,9685442,$65.45,$66.53,$65.42
04/19/2021,$65.6,11851070,$65.42,$65.925,$65.21
04/16/2021,$65.46,14589460,$64.93,$65.6389,$64.7387
04/15/2021,$64.44,9833960,$64,$64.73,$63.92
04/14/2021,$63.81,7639852,$63.75,$63.96,$63.58
04/13/2021,$63.58,9451107,$62.91,$63.74,$62.75
04/12/2021,$62.69,11162960,$62.53,$62.7766,$62.27
04/09/2021,$62.61,7867969,$61.8,$62.64,$61.68
04/08/2021,$61.91,7846938,$62.2,$62.42,$61.76
04/07/2021,$62.06,11799690,$62.01,$62.54,$61.93
04/06/2021,$61.98,14002250,$63.21,$63.3,$61.89
04/05/2021,$63.16,8868054,$62.9,$63.6,$62.88
04/01/2021,$62.93,9725919,$63.18,$63.34,$62.54
03/31/2021,$63.13,12678980,$62.9,$63.77,$62.78
03/30/2021,$63.31,12232670,$64,$64.08,$63.17
03/29/2021,$64.07,9703165,$63.86,$64.415,$63.655
03/26/2021,$63.94,12538050,$62.95,$63.98,$62.83
03/25/2021,$62.79,11157340,$63,$63,$61.98
03/24/2021,$62.3,9626293,$62.46,$62.89,$62.27
03/23/2021,$62.62,11014520,$63.38,$63.53,$62.59
03/22/2021,$63.38,16103360,$62.2,$63.52,$62.11
03/19/2021,$62.7,32082150,$62.07,$62.75,$61.365
03/18/2021,$62.33,12145590,$61.98,$63.235,$61.86
03/17/2021,$62.18,9548122,$62.09,$62.54,$61.45
03/16/2021,$61.9,10163000,$61.34,$62.1401,$61.34
03/15/2021,$61.39,10950520,$60.66,$61.44,$60.29
03/12/2021,$60.64,8029976,$60.43,$60.94,$60.2
03/11/2021,$60.35,10099540,$61,$61.19,$60.35
03/10/2021,$60.93,10240150,$61.14,$61.2801,$60.46
03/09/2021,$60.57,12662470,$60.79,$61.86,$60.56
03/08/2021,$60.45,10617260,$60.6,$61.715,$60.13
03/05/2021,$60.43,14980110,$59.51,$60.59,$59.33
03/04/2021,$59.34,17309770,$60.54,$60.96,$58.625
03/03/2021,$60.75,13599940,$61.05,$61.35,$59.965
03/02/2021,$61.27,9584864,$61.95,$62.18,$61.21
03/01/2021,$61.63,7325039,$61.9,$62.065,$61.52
02/26/2021,$61.33,13229660,$62.03,$62.6999,$61.26
02/25/2021,$62.1,17077050,$62.43,$63.17,$61.81
02/24/2021,$62.59,16517950,$60.9,$62.92,$60.87
02/23/2021,$60.72,13742030,$61.2,$61.38,$60.025
02/22/2021,$60.99,9916625,$60.42,$61.241,$59.71
02/19/2021,$60.6,16997140,$61.14,$61.5,$60.52
02/18/2021,$61.02,14078840,$60.31,$61.72,$60.3
02/17/2021,$60.59,11678060,$59.49,$60.93,$59.42
02/16/2021,$59.4,12386410,$60.1,$60.37,$59.37
02/12/2021,$59.99,9493630,$59.86,$60.275,$59.65
02/11/2021,$59.99,8256806,$60,$60.22,$59.695
02/10/2021,$60,13070980,$60.1,$60.53,$59.61
02/09/2021,$59.76,14226070,$60.23,$60.34,$59.68
02/08/2021,$60.23,18864250,$61.35,$61.366,$59.67
02/05/2021,$60.92,16249170,$61.06,$61.7663,$60.505
02/04/2021,$61.56,15997010,$62,$62.89,$61.24
02/03/2021,$62.03,15114990,$62.87,$63.21,$62.01
02/02/2021,$62.94,16059660,$63,$64.635,$62.89
02/01/2021,$62.21,11240860,$61.91,$62.865,$61.66
01/29/2021,$61.43,16091960,$62.3,$62.8,$61.03
01/28/2021,$62.29,17514730,$62.83,$63.375,$62.2
01/27/2021,$62.02,13847660,$63.89,$63.89,$61.9
01/26/2021,$64.44,11284070,$64.5,$65.65,$64.38
01/25/2021,$64.83,9171007,$64.64,$65.14,$63.96
01/22/2021,$64.56,9071894,$63.89,$65.025,$63.76
01/21/2021,$64.18,14066130,$65.65,$66.2,$63.98
01/20/2021,$66.25,9609597,$66.57,$66.82,$66
01/19/2021,$66.74,10847810,$66.85,$67.1599,$66.325
01/15/2021,$66.54,11296520,$66.02,$66.86,$65.54
01/14/2021,$66.02,12479840,$64.91,$66.37,$64.78
01/13/2021,$64.73,10292360,$65.5,$65.96,$64.64
01/12/2021,$65.43,15757460,$65.36,$66.3,$64.91
01/11/2021,$64.97,18251240,$63.4,$65.245,$63.24
01/08/2021,$62.49,10010530,$62.19,$63.18,$62.15
01/07/2021,$62.36,10932150,$61.34,$62.63,$61
01/06/2021,$61.7,12426220,$60.55,$62.045,$60.52
01/05/2021,$61.55,11584570,$61.11,$61.71,$60.465
01/04/2021,$61.38,12429550,$61.74,$62.15,$60.5
12/31/2020,$62.03,8649307,$61.44,$62.11,$60.965
12/30/2020,$61.92,6624061,$61.62,$62.16,$61.48
12/29/2020,$61.42,6653445,$61.7,$61.94,$61.34
12/28/2020,$61.12,6855650,$61.42,$61.74,$60.805
12/24/2020,$61.15,3099674,$61.12,$61.36,$60.935
12/23/2020,$61,6235071,$61.37,$61.63,$61
12/22/2020,$61.43,8114059,$61.77,$61.97,$61.13
12/21/2020,$62.01,13055650,$62,$62.12,$61.34
12/18/2020,$63.12,21177770,$62.65,$63.45,$62.4358
12/17/2020,$62.54,10642360,$62.57,$62.82,$61.99
12/16/2020,$62.34,9498025,$62.5,$63.2793,$62.29
12/15/2020,$62.57,14943240,$61.26,$62.64,$60.85
12/14/2020,$59.97,11400400,$61.01,$61.1017,$59.92
12/11/2020,$60.72,10021620,$60.33,$61.47,$60.2
12/10/2020,$60.2,9428615,$60.91,$61.04,$59.96
12/09/2020,$60.92,10244470,$61.5,$61.56,$60.33
12/08/2020,$61.12,10830630,$61.17,$61.78,$60.85
12/07/2020,$61.2,8974004,$62.19,$62.59,$60.97
12/04/2020,$62.31,8159036,$61.79,$62.31,$61.65
12/03/2020,$61.78,10944870,$62,$62.2867,$61.58
12/02/2020,$62.18,8077211,$62.41,$62.83,$61.9
12/01/2020,$62.41,9871490,$63.15,$63.74,$62.335
11/30/2020,$62.4,14996590,$63.05,$63.27,$61.99
11/27/2020,$63.05,4178758,$63.28,$63.69,$62.88
11/25/2020,$62.84,9520905,$63.42,$63.5,$62.2
11/24/2020,$63.22,13512670,$61.95,$63.51,$61.88
11/23/2020,$61.92,9595949,$61.74,$62.01,$61.08
11/20/2020,$61.61,8305175,$61.85,$62.33,$61.4
11/19/2020,$62.09,9025456,$62.2,$62.4,$61.15
11/18/2020,$62.01,12455270,$64.67,$64.7,$62
11/17/2020,$64.32,8610180,$64.47,$64.7,$63.88
11/16/2020,$64.5,7199552,$64.12,$64.93,$63.845
11/13/2020,$63.62,9435226,$62.79,$64.04,$62.77
11/12/2020,$62.75,7603951,$63.14,$63.14,$62.195
11/11/2020,$63.42,8269684,$65.07,$65.12,$63.025
11/10/2020,$64.52,11210020,$64.21,$64.795,$63.71
11/09/2020,$64.08,15533290,$65.12,$66.08,$63.99
11/06/2020,$63.8,9680121,$63.61,$64.92,$63.38
11/05/2020,$63.75,17676080,$64.99,$65.38,$63.54
11/04/2020,$65.43,24699670,$63.96,$66.23,$63.75
11/03/2020,$61.24,14235980,$61.01,$62.24,$60.21
11/02/2020,$59.49,10318910,$59.19,$59.64,$58.84
10/30/2020,$58.45,11156020,$57.71,$58.48,$57.59
10/29/2020,$57.92,8838608,$57.81,$58.43,$56.754
10/28/2020,$57.76,11931160,$58,$58.54,$57.4
10/27/2020,$58.74,10008250,$59.26,$59.84,$58.56
10/26/2020,$59.67,7484139,$59.82,$60.14,$59.035
10/23/2020,$60.13,7336812,$60.83,$61.22,$60.0717
10/22/2020,$60.76,7038473,$59.98,$61.01,$59.95
10/21/2020,$60.03,8004805,$60.39,$60.75,$59.95
10/20/2020,$60.64,6635199,$61.09,$61.2684,$60.53
10/19/2020,$60.77,10999140,$61.8,$62.42,$60.5051
10/16/2020,$61.24,9385613,$60.67,$61.74,$60.65
10/15/2020,$60.42,13105280,$60.59,$60.9,$60.31
10/14/2020,$61,8823159,$61.11,$61.63,$60.721
10/13/2020,$61.13,8374420,$61.56,$62.01,$60.98
10/12/2020,$61.83,11532170,$61.98,$62.25,$61.48
10/09/2020,$61.82,9408430,$61.8,$62.295,$61.605
10/08/2020,$61.62,11787270,$60.85,$62.09,$60.46
10/07/2020,$60.42,14632580,$58.15,$60.98,$57.96
10/06/2020,$57.74,13113350,$59.34,$59.46,$57.61
10/05/2020,$59.2,10992260,$58.55,$59.28,$57.95
10/02/2020,$58.72,12574250,$59.39,$60.01,$58.68
10/01/2020,$59.82,8747559,$60.38,$60.57,$59.625
09/30/2020,$60.29,10322520,$60.14,$60.64,$59.79
09/29/2020,$59.9,8084277,$59.84,$60.94,$59.68
09/28/2020,$59.71,9616574,$59.37,$60.21,$58.96
09/25/2020,$59.49,9835945,$58.26,$59.84,$58.1567
09/24/2020,$58.25,10358750,$58.48,$58.82,$57.7
09/23/2020,$58.99,11436560,$59.05,$59.495,$58.62
09/22/2020,$58.76,12466790,$57.77,$58.845,$57.63
09/21/2020,$57.77,16199700,$58.92,$58.96,$56.9
09/18/2020,$59.27,13944500,$59.09,$59.715,$58.8275
09/17/2020,$59.4,6624754,$59,$59.43,$58.26
09/16/2020,$59.45,6164360,$59.67,$59.97,$59.2402
09/15/2020,$59.53,8259337,$59.97,$60.11,$59.39
09/14/2020,$59.7,6242711,$59.19,$60.09,$59.07
09/11/2020,$58.99,8573842,$58.46,$59.265,$58.43
09/10/2020,$58.29,11995270,$58.99,$59.3,$58.18
09/09/2020,$59.08,7173681,$58.93,$59.6,$58.76
09/08/2020,$58.53,11735880,$59.87,$60,$58.14
09/04/2020,$59.95,16405780,$60.18,$60.53,$59.25
09/03/2020,$60.05,16483900,$61.62,$62.02,$59.53
09/02/2020,$61.6,13287260,$60.79,$61.82,$60.46
09/01/2020,$60.97,12155650,$62.2,$62.26,$60.69
08/31/2020,$62.2,14189750,$62.38,$62.8,$61.95
08/28/2020,$62.37,6380448,$62.5,$62.59,$61.85
08/27/2020,$62.51,6389455,$62.5,$62.96,$62.24
08/26/2020,$62.28,6196062,$62.5,$62.5901,$61.58
08/25/2020,$62.71,6620701,$62.75,$63.365,$62.5
08/24/2020,$62.41,8720994,$62.34,$62.4563,$61.7
08/21/2020,$62.19,8031476,$62.22,$62.35,$61.74
08/20/2020,$62.22,6326716,$62.78,$62.86,$61.93
08/19/2020,$63.09,6092743,$63.07,$63.82,$62.95
08/18/2020,$63.03,5745940,$63.49,$63.68,$62.9
08/17/2020,$63.62,5972353,$63.41,$64.075,$63.165
08/14/2020,$63.16,5607240,$63.19,$63.55,$62.75
08/13/2020,$63.24,7748683,$63.02,$63.58,$62.9
08/12/2020,$63.64,8616460,$63.58,$64.27,$63.445
08/11/2020,$63.13,20736040,$62.97,$64.25,$62.69
08/10/2020,$61.82,9820895,$60.96,$61.99,$60.77
08/07/2020,$61.02,9969080,$61.56,$61.65,$60.42
08/06/2020,$61.33,18961910,$62,$62.97,$60.42
08/05/2020,$59.69,10789010,$59.95,$60.38,$59.41
08/04/2020,$59.47,6527592,$58.83,$59.51,$58.53
08/03/2020,$59.1,10342150,$59.11,$59.64,$58.95
07/31/2020,$58.66,10439920,$58.88,$59.09,$57.77
07/30/2020,$58.87,7175223,$58.8,$59.145,$58.34
07/29/2020,$59.15,7358112,$59.16,$59.4,$58.59
07/28/2020,$59.43,9816702,$58.55,$59.82,$58.24
07/27/2020,$58.05,12371980,$57.55,$58.62,$57.35
07/24/2020,$57.85,12531910,$59.67,$59.76,$57.55
07/23/2020,$59.87,8913208,$60.12,$60.46,$59.57
07/22/2020,$59.85,8960993,$59.89,$60.33,$59.34
07/21/2020,$59.8,7804590,$59.59,$60.235,$59.315
07/20/2020,$59.46,6759932,$60.29,$60.64,$59.215
07/17/2020,$60.39,9078853,$59.7,$60.62,$59.395
07/16/2020,$59.32,6949690,$59.23,$59.38,$58.73
07/15/2020,$59.27,9459354,$58.65,$59.61,$58.32
07/14/2020,$57.89,12153930,$57.83,$58.1,$57.285
07/13/2020,$57.75,10149020,$57.57,$58.49,$57.5
07/10/2020,$57.43,8770005,$58,$58.09,$57.16
07/09/2020,$58.11,12780350,$59.66,$60.14,$57.83
07/08/2020,$59.56,10507020,$60.32,$60.68,$59.28
07/07/2020,$60.29,12767120,$59.76,$60.61,$59.52
07/06/2020,$60.19,8810771,$59.6,$60.575,$58.87
07/02/2020,$59.14,11366050,$59.3,$59.64,$58.75
07/01/2020,$59.43,11738310,$59.19,$59.73,$58.88
06/30/2020,$58.8,12139660,$57.86,$59.2,$57.5
06/29/2020,$57.8,9831434,$57.99,$58.14,$57.31
06/26/2020,$57.54,26132410,$57.96,$58.02,$56.67
06/25/2020,$58.18,15267200,$58.01,$58.47,$57.695
06/24/2020,$57.76,11177160,$58.11,$58.21,$57.11
06/23/2020,$58.38,15557250,$57.94,$59.1,$57.82
06/22/2020,$57.56,18716180,$56.24,$57.685,$55.92
06/19/2020,$56.41,54103620,$56.7,$56.83,$54.73
06/18/2020,$55.97,14113280,$56.57,$56.6241,$55.58
06/17/2020,$56.95,13638180,$57.21,$57.36,$56.71
06/16/2020,$57.06,16976050,$55.93,$57.29,$55.5
06/15/2020,$55.1,21617770,$55.64,$55.78,$54.07
06/12/2020,$56.17,14864160,$57.59,$57.65,$55.59
06/11/2020,$56.71,17371870,$59.9,$60.28,$56.4
06/10/2020,$60.16,13343690,$61.24,$61.42,$59.9
06/09/2020,$60.93,12159520,$61.75,$62.17,$60.93
06/08/2020,$61.43,12549060,$60.6,$61.43,$60.4
06/05/2020,$61.33,11862570,$61.18,$61.77,$60.53
06/04/2020,$60.89,13476930,$59.82,$61.09,$59.82
06/03/2020,$60.21,13497600,$60.7,$60.89,$59.69
06/02/2020,$60.65,15460090,$60.29,$60.68,$59.27
06/01/2020,$60.29,11508670,$59.46,$61.44,$59.43
05/29/2020,$59.72,27225420,$60.3,$60.47,$59.38
05/28/2020,$59.81,14977980,$60.96,$60.98,$59.68
05/27/2020,$60.4,19071690,$60,$60.52,$59.11
05/26/2020,$60.32,18447830,$61.51,$61.51,$60.18
05/22/2020,$60.79,9228647,$61.01,$61.658,$60.59
05/21/2020,$61.14,16015980,$61.62,$61.87,$60.44
05/20/2020,$61.68,16658220,$63,$63.25,$60.83
05/19/2020,$62.71,11052360,$63.43,$63.815,$62.49
05/18/2020,$63.6,15172060,$64.92,$65.21,$63.48
05/15/2020,$64.09,35224430,$64.2,$65.34,$63.81
05/14/2020,$63.77,18221660,$62.5,$64.125,$62.13
05/13/2020,$63.27,17287890,$63.17,$63.925,$62.58
05/12/2020,$63.35,18928070,$63.17,$64.27,$62.8766
05/11/2020,$62.66,14146750,$60.87,$62.81,$60.77
05/08/2020,$61.05,16961400,$61.83,$62.18,$60.95
05/07/2020,$61.04,17537560,$62.52,$62.6,$60.615
05/06/2020,$61.13,14589040,$61.65,$62.23,$60.94
05/05/2020,$61.36,13340820,$60.6,$61.8,$60.43
05/04/2020,$60.17,16990000,$60.74,$60.92,$59.73
05/01/2020,$60.26,15582840,$60.85,$60.87,$59.675
04/30/2020,$60.81,17554520,$60.85,$61.11,$60.36
04/29/2020,$61.63,11035130,$62.37,$62.62,$61.53
04/28/2020,$62.14,10858900,$62.93,$63.18,$61.77
04/27/2020,$62.56,13994720,$62.64,$63.02,$62.41
04/24/2020,$62.25,10461460,$61.67,$62.545,$61.26
04/23/2020,$60.95,11897560,$61.32,$61.99,$60.84
04/22/2020,$60.93,12081490,$61.26,$61.91,$60.88
04/21/2020,$60.59,22203020,$60.86,$61.32,$60.26
04/20/2020,$61.68,17445970,$60.75,$62.84,$60.6
04/17/2020,$60.6,16697940,$60.38,$60.77,$59.88
04/16/2020,$59.56,12984910,$59.8,$60.35,$59.5
04/15/2020,$59.46,14402050,$59.3,$59.89,$58.9
04/14/2020,$60.04,14258950,$59.83,$60.7255,$59.63
04/13/2020,$58.92,13921580,$58.5,$59.4,$58.06
04/09/2020,$58.91,13256810,$58.8,$59.58,$58.37
04/08/2020,$58.25,15268730,$57.05,$59.13,$56.3607
04/07/2020,$56.9,19224360,$58.53,$58.59,$56.68
04/06/2020,$57.87,22589720,$57.07,$58.07,$56.58
04/03/2020,$55.53,14654180,$54.99,$56.47,$54.9
04/02/2020,$55.21,12929440,$54.84,$55.32,$53.58
04/01/2020,$54.82,13441280,$53.62,$55.7,$53.52
03/31/2020,$55.74,28461660,$54.3,$56.235,$54.24
03/30/2020,$54.39,18013520,$53.2,$55.08,$53.2
03/27/2020,$52.79,14498370,$51.11,$53.78,$50.87
03/26/2020,$52.25,21601730,$50.46,$53.32,$50.31
03/25/2020,$49.35,20921290,$49.03,$51.9451,$48.17
03/24/2020,$49.24,16484850,$48.18,$49.5,$47.39
03/23/2020,$46.4,21237020,$47.19,$48.4,$45.76
03/20/2020,$48.4,20370800,$49.05,$50.64,$47.25
03/19/2020,$48.79,20058310,$50.11,$50.7248,$48.1275
03/18/2020,$50.24,27384170,$51.63,$52.39,$48.02
03/17/2020,$54.09,17519640,$51.83,$54.1,$51.2
03/16/2020,$51.11,20582760,$50.13,$53.7588,$48.01
03/13/2020,$54.99,23503560,$54.89,$55.5,$51.78
03/12/2020,$52.75,22963000,$52.33,$54.9,$50.62
03/11/2020,$56.51,19771940,$56.78,$57.96,$55.81
03/10/2020,$57.93,24830990,$58.82,$58.95,$55.91
03/09/2020,$57.66,22385910,$56.01,$59.14,$56
03/06/2020,$60.31,14833930,$58.88,$60.42,$58.755
03/05/2020,$60.5,15119360,$60.7,$61.24,$59.84
03/04/2020,$61.48,18228260,$60.2,$61.68,$59.6875
03/03/2020,$59.2,18250050,$60.86,$61.85,$58.3442
03/02/2020,$60.34,19500310,$59.57,$60.775,$58.68
02/28/2020,$59.06,28294860,$57.76,$59.21,$56.37
02/27/2020,$59.58,20624840,$61,$61.58,$59.56
02/26/2020,$62.04,11266850,$61.75,$63.39,$61.61
02/25/2020,$62.14,15706040,$63.89,$63.91,$61.6
02/24/2020,$63.97,12105010,$64.08,$65.06,$63.69
02/21/2020,$65.63,10134810,$64.87,$65.87,$64.8
02/20/2020,$65.17,11360500,$65.63,$65.98,$64.89
02/19/2020,$65.71,9905376,$66,$66.05,$65.36
02/18/2020,$66.07,13832960,$66.51,$66.97,$65.44
02/14/2020,$66.38,7530791,$66.25,$66.83,$65.98
02/13/2020,$66.08,9149461,$66.72,$66.95,$66.04
02/12/2020,$67,11213680,$67.09,$67.495,$66.57
02/11/2020,$66.99,7261691,$67.35,$67.55,$66.97
02/10/2020,$66.91,13218470,$65.88,$67.12,$65.8
02/07/2020,$66.25,13093710,$66.68,$67.01,$65.84
02/06/2020,$67.1,16488540,$67,$67.8,$66.39
02/05/2020,$65.59,14991620,$64.92,$65.85,$64.85
02/04/2020,$64.29,11740190,$64.07,$64.94,$64.05
02/03/2020,$63.58,15987100,$63.1,$64.24,$63.05
01/31/2020,$62.95,12898020,$63.63,$63.69,$62.51
01/30/2020,$63.81,10783740,$63.8,$64.31,$63.39
01/29/2020,$64.14,10763850,$65.02,$65.09,$64.125
01/28/2020,$64.81,12761940,$64.13,$65.365,$63.9
01/27/2020,$63.7,20951130,$63.26,$64.63,$63.09
01/24/2020,$64.16,22453040,$66.39,$66.74,$63.605
01/23/2020,$66.87,13183670,$67.13,$67.25,$66.03
01/22/2020,$67.43,15187040,$67.91,$68.34,$67.22
01/21/2020,$67.43,12519550,$66.7,$67.62,$66.532
01/17/2020,$66.72,14374960,$66.75,$67.2114,$66.7
01/16/2020,$66.78,8435750,$66.63,$66.965,$66.5119
01/15/2020,$66.58,10937390,$66.43,$67.0881,$66.43
01/14/2020,$66.44,30561020,$65.81,$66.53,$65.57
01/13/2020,$66.15,19246220,$65.43,$66.99,$65.37
01/10/2020,$65.23,11699840,$65.45,$65.97,$65.04
01/09/2020,$65.45,16171350,$64.14,$65.775,$64.12
01/08/2020,$63.86,18527320,$64.05,$64.61,$63.86
01/07/2020,$63.93,15572210,$62.84,$64.18,$62.77
01/06/2020,$62.98,11312030,$62.9,$63.2354,$62.67
01/03/2020,$62.78,12986710,$62.61,$63.33,$62.55
01/02/2020,$63.34,12417850,$63.85,$64,$63.135
12/31/2019,$64.19,9379442,$63.59,$64.21,$63.51
12/30/2019,$63.73,7862726,$64.09,$64.46,$63.64
12/27/2019,$64.14,7687022,$64.17,$64.3,$63.83
12/26/2019,$63.96,8188977,$63.23,$64.04,$63.18
12/24/2019,$63.16,2890424,$63.02,$63.43,$63.01
12/23/2019,$63.21,12916070,$63.55,$63.8,$63.08
12/20/2019,$63.51,24137180,$63.58,$63.59,$62.92
12/19/2019,$62.85,12929760,$63.18,$63.46,$62.74
12/18/2019,$63.15,14824720,$63.87,$64.28,$62.97
12/17/2019,$64.11,16207780,$63.8,$64.55,$63.535
12/16/2019,$63.5,23019460,$63.1,$64.27,$63.01
12/13/2019,$63.82,14569250,$64.04,$64.75,$63.79
12/12/2019,$63.94,17354350,$62.42,$64.215,$62.42
12/11/2019,$62.41,18263540,$62.87,$62.98,$61.96
12/10/2019,$62.09,19225200,$61.03,$62.3699,$60.93
12/09/2019,$61.28,16455530,$60.59,$61.58,$60.4
12/06/2019,$59.95,17773690,$59.88,$60.86,$59.82
12/05/2019,$59.48,17151800,$58.86,$59.67,$58.8
12/04/2019,$58.9,22259510,$57.83,$58.98,$57.5535
12/03/2019,$57.75,26170540,$57,$57.81,$56.68
12/02/2019,$57.41,24719770,$57.34,$58.1,$57.28
11/29/2019,$56.94,11292390,$57.23,$57.37,$56.85
11/27/2019,$57.6,25910680,$56.94,$57.85,$56.9
11/26/2019,$56.73,21947510,$56.33,$56.9,$56.08
11/25/2019,$56.17,23279580,$56.92,$57.1,$55.94
11/22/2019,$56.45,21515700,$56.65,$57.115,$55.92
11/21/2019,$56.85,22936040,$57.13,$57.46,$56.46
11/20/2019,$56.41,185434200,$56.16,$56.5,$55.3
11/19/2019,$56.48,39249440,$57.84,$57.85,$56.26
11/18/2019,$57.65,28507000,$58.19,$58.53,$57.29
11/15/2019,$58.59,9725844,$58.54,$58.79,$58.395
11/14/2019,$58.51,10933240,$58.61,$58.85,$57.92
11/13/2019,$58.79,13395910,$58.24,$59.175,$57.895
11/12/2019,$58.39,9701465,$58.25,$59,$58.12
11/11/2019,$58.15,9096651,$57.87,$58.3,$57.45
11/08/2019,$58.02,11584510,$57.61,$58.055,$57.29
11/07/2019,$57.58,11893090,$57.03,$57.62,$56.9
11/06/2019,$56.96,13475580,$56.61,$57.14,$56.14
11/05/2019,$56.39,10503270,$56.69,$56.87,$55.97
11/04/2019,$56.64,12960130,$57.1,$57.24,$56.525
11/01/2019,$57.16,17122210,$57.99,$58.46,$57.09
10/31/2019,$57.37,25041940,$56.46,$58.22,$56.31
10/30/2019,$56.87,14158990,$56.24,$56.92,$55.84
10/29/2019,$55.77,9118913,$55.62,$56.12,$55.33
10/28/2019,$55.59,13931260,$54.86,$55.93,$54.71
10/25/2019,$54.98,12353050,$54.5,$55.25,$54.4
10/24/2019,$54.37,14644660,$54.85,$54.9697,$53.86
10/23/2019,$54.77,13165180,$54.41,$54.8205,$53.87
10/22/2019,$54.42,26996990,$55.99,$57.37,$54.365
10/21/2019,$53.2,13175690,$53.15,$53.365,$52.56
10/18/2019,$53.03,10860220,$52.45,$53.17,$52.38
10/17/2019,$52.42,8937952,$52.1,$52.75,$51.91
10/16/2019,$51.51,8781850,$51.95,$52.07,$51.29
10/15/2019,$51.83,7442295,$51.64,$52.14,$51.47
10/14/2019,$51.56,5720344,$51.51,$51.67,$51.28
10/11/2019,$51.61,11307220,$51.34,$51.98,$51.22
10/10/2019,$50.78,11280280,$50.76,$50.99,$50.4
10/09/2019,$50.83,7828005,$50.62,$51.09,$50.32
10/08/2019,$50.36,11327900,$50.58,$51.19,$49.96
10/07/2019,$50.88,9480308,$50.65,$51.49,$50.56
10/04/2019,$50.75,10092200,$49.63,$50.82,$49.52
10/03/2019,$49.55,9305264,$48.84,$49.55,$48.55
10/02/2019,$49.21,12719540,$50.3,$50.37,$48.71
10/01/2019,$50.65,9939533,$51.09,$51.44,$50.345
09/30/2019,$50.71,15970970,$50.52,$51.43,$50.32
09/27/2019,$50.22,11466520,$50.01,$50.565,$49.98
09/26/2019,$49.97,8205943,$50.01,$50.17,$49.3828
09/25/2019,$49.84,7083600,$50.01,$50.23,$49.69
09/24/2019,$50.01,9555426,$50.79,$50.91,$49.761
09/23/2019,$50.52,9546940,$50.71,$51.06,$50.47
09/20/2019,$50.57,13583680,$50.07,$50.855,$49.99
09/19/2019,$50.07,8075540,$49.89,$50.53,$49.66
09/18/2019,$49.86,8376228,$49.74,$49.98,$49.415
09/17/2019,$49.74,10074600,$49.49,$50.1,$49.35
09/16/2019,$49.47,6481756,$49.49,$49.735,$49.213
09/13/2019,$49.43,7343458,$49.95,$50.35,$49.285
09/12/2019,$49.61,9046952,$49.46,$50.05,$49.21
09/11/2019,$49.24,8153806,$48.76,$49.55,$48.61
09/10/2019,$48.56,9807276,$47.75,$48.76,$47.52
09/09/2019,$48.09,7470836,$48.4,$48.45,$47.49
09/06/2019,$48.27,8241877,$48.42,$48.8,$48.17
09/05/2019,$48.51,7320936,$48.3,$48.58,$47.925
09/04/2019,$48.12,8141265,$48.43,$48.43,$47.53
09/03/2019,$48.04,7708374,$47.89,$48.16,$47.26
08/30/2019,$48.07,8126045,$48.4,$48.59,$47.8
08/29/2019,$48.27,10342540,$48.95,$49.14,$47.77
08/28/2019,$48.66,8521524,$47.7,$48.68,$47.4
08/27/2019,$47.93,14748320,$48.33,$48.47,$47.74
08/26/2019,$48.11,20731810,$48.42,$49.08,$47.72
08/23/2019,$46.58,16321220,$47.77,$48.195,$46.285
08/22/2019,$47.86,6380230,$47.95,$48.23,$47.47
08/21/2019,$47.77,6731348,$48,$48.01,$47.44
08/20/2019,$47.63,9178228,$47.47,$47.8,$47.24
08/19/2019,$47.46,7788952,$47.08,$47.835,$47.02
08/16/2019,$46.98,9630196,$45.97,$47.06,$45.78
08/15/2019,$45.75,8513665,$45.83,$46.07,$45.32
08/14/2019,$45.64,14371730,$46.89,$46.97,$45.54
08/13/2019,$46.49,8554842,$46.44,$46.96,$46.15
08/12/2019,$46.51,9447891,$47,$47.21,$46.205
08/09/2019,$47.32,12213590,$47.29,$47.84,$47.1
08/08/2019,$47.29,13955740,$46.43,$47.37,$46.26
08/07/2019,$46.24,16780740,$45.26,$46.455,$45.08
08/06/2019,$45.69,12146770,$45.68,$45.7,$45
08/05/2019,$45.38,17156700,$45.26,$45.9,$44.9
08/02/2019,$45.99,17928960,$45.25,$46.03,$45.11
08/01/2019,$45.2,16077460,$44.55,$45.5,$44.41
07/31/2019,$44.41,12863090,$44.37,$45.05,$44
07/30/2019,$44.56,13906460,$45.05,$45.33,$44.48
07/29/2019,$45.39,14301010,$45,$45.51,$44.91
07/26/2019,$45.37,20318110,$45.98,$46.11,$44.26
07/25/2019,$45.4,33799250,$42.9,$45.64,$42.82
07/24/2019,$43.23,14490610,$42.96,$43.31,$42.6801
07/23/2019,$43.05,17663410,$42.81,$43.07,$42.48
07/22/2019,$42.77,12396940,$43.4,$43.51,$42.72
07/19/2019,$43.33,12023110,$44.11,$44.19,$43.26
07/18/2019,$44.05,13178470,$44.19,$44.2,$43.53
07/17/2019,$44.13,10815870,$44.47,$44.55,$44.06
07/16/2019,$44.45,11590890,$44.15,$44.51,$44.08
07/15/2019,$44.19,8885443,$44.28,$44.57,$44.0539
07/12/2019,$44.27,14254870,$44.57,$44.65,$43.81
07/11/2019,$44.53,23338400,$45.88,$45.89,$44.17
07/10/2019,$45.96,8807168,$46.04,$46.14,$45.745
07/09/2019,$46.04,9456987,$45.85,$46.37,$45.695
07/08/2019,$45.77,11884080,$45.72,$45.83,$45.3
07/05/2019,$45.89,9635571,$46.53,$46.67,$45.87
07/03/2019,$46.56,6121531,$46.49,$46.6,$46.23
07/02/2019,$46.68,10958880,$46.46,$46.68,$46.18
07/01/2019,$46.18,14061150,$45.71,$46.29,$45.42
06/28/2019,$45.35,15627010,$45.38,$45.4,$44.92
06/27/2019,$45.1,10918590,$44.95,$45.5663,$44.95
06/26/2019,$44.92,21924220,$45.86,$45.98,$44.54
06/25/2019,$45.77,24456740,$45.81,$46.56,$45.65
06/24/2019,$45.68,36621810,$47.22,$47.44,$45.57
06/21/2019,$49.34,14979310,$48.82,$49.39,$48.19
06/20/2019,$48.89,9441626,$49,$49.55,$48.64
06/19/2019,$48.61,8720820,$48.08,$48.67,$47.71
06/18/2019,$47.79,11523660,$48.28,$48.68,$47.71
06/17/2019,$48.21,9514234,$47.79,$48.47,$47.65
06/14/2019,$47.56,10186010,$47.33,$48.03,$47.2
06/13/2019,$47.33,9327977,$47.53,$47.736,$46.97
06/12/2019,$47.63,10651400,$46.99,$47.66,$46.9
06/11/2019,$46.87,11030310,$46.2,$47.02,$46.04
06/10/2019,$46.01,10445320,$46.73,$46.965,$45.91
06/07/2019,$46.75,6801691,$46.52,$46.945,$46.48
06/06/2019,$46.15,12206220,$46.82,$46.87,$46.12
06/05/2019,$46.63,10052660,$46.87,$47.02,$46.545
06/04/2019,$46.63,10883080,$46.48,$46.84,$46.43
06/03/2019,$46.12,13276990,$45.26,$46.5,$45.07
05/31/2019,$45.37,12845480,$45.56,$45.76,$45.07
05/30/2019,$45.88,8595108,$45.36,$45.97,$45.36
05/29/2019,$45.38,15910680,$45.61,$45.65,$44.86
05/28/2019,$45.86,16422910,$47.06,$47.23,$45.86
05/24/2019,$46.81,9468896,$47.4,$47.54,$46.78
05/23/2019,$47.3,10834480,$47.51,$47.64,$46.89
05/22/2019,$47.74,9222162,$47.46,$47.82,$47.07
05/21/2019,$47.43,12018930,$46.55,$47.46,$46.475
05/20/2019,$46.31,11081100,$46.38,$46.58,$46.1
05/17/2019,$46.85,10145350,$46.69,$47.23,$46.59
05/16/2019,$47.12,15378050,$46.7,$47.8362,$46.63
05/15/2019,$46.63,10143300,$45.62,$46.75,$45.525
05/14/2019,$45.91,12971110,$46.09,$46.435,$45.88
05/13/2019,$45.9,15453980,$46.35,$46.59,$45.825
05/10/2019,$47.01,12019900,$46.9,$47.32,$46.225
05/09/2019,$47.23,13886260,$47.17,$47.38,$46.76
05/08/2019,$47.45,13207570,$47.09,$47.68,$46.81
05/07/2019,$47.22,13189740,$47.75,$47.92,$46.925
05/06/2019,$48.1,14481220,$47.79,$48.2,$47.59
05/03/2019,$48.62,24355120,$47.37,$48.8,$47.2701
05/02/2019,$46.88,12676390,$46.78,$47.07,$46.51
05/01/2019,$46.58,18282330,$46.32,$46.865,$45.85
04/30/2019,$46.43,14162180,$46.48,$46.58,$46
04/29/2019,$46.32,15734290,$45.78,$46.78,$45.77
04/26/2019,$45.89,13563210,$46.08,$46.15,$45.2647
04/25/2019,$45.64,17285810,$45.05,$45.75,$44.54
04/24/2019,$44.62,15041760,$45.51,$45.55,$44.61
04/23/2019,$45.32,14385960,$45.34,$45.5445,$44.95
04/22/2019,$45.24,15460220,$45.34,$45.65,$44.9
04/18/2019,$45.52,23631590,$46.05,$46.13,$45.025
04/17/2019,$45.8,20085330,$46.17,$46.2,$45.43
04/16/2019,$46.02,21332720,$46.84,$46.89,$45.98
04/15/2019,$46.5,20262810,$45.83,$46.71,$45.65
04/12/2019,$45.57,25343510,$46.41,$46.42,$45.4
04/11/2019,$46.09,19843810,$46.11,$46.33,$45.43
04/10/2019,$45.89,13082850,$45.98,$46.32,$45.71
04/09/2019,$45.98,16069000,$46.6,$46.67,$45.88
04/08/2019,$46.79,15951280,$46.7,$46.89,$46.53
04/05/2019,$46.64,16044000,$46.88,$47.1,$46.51
04/04/2019,$46.67,17924270,$46.64,$46.735,$46.17
04/03/2019,$46.88,21735520,$47.08,$47.47,$46.34
04/02/2019,$46.7,14836140,$47.12,$47.44,$46.69
04/01/2019,$47.09,21071690,$48.05,$48.1,$46.75
03/29/2019,$47.71,49291930,$46.74,$48.3,$46.52
03/28/2019,$47.84,16783600,$48.28,$48.51,$47.78
03/27/2019,$47.98,19674630,$48.26,$49.095,$47.96
03/26/2019,$48.34,16679650,$47.86,$48.44,$47.79
03/25/2019,$47.49,12968570,$48.15,$48.2,$47.385
03/22/2019,$48.16,14103030,$48.78,$49.06,$48.15
03/21/2019,$48.92,13293560,$49.13,$49.23,$48.73
03/20/2019,$49.19,17437730,$49.7,$49.7,$48.55
03/19/2019,$49.6,11561270,$50.01,$50.11,$49.465
03/18/2019,$49.86,11603090,$50,$50.11,$49.63
03/15/2019,$49.96,27355970,$49.88,$50.09,$48.84
03/14/2019,$49.89,31494150,$51,$51.24,$48.79
03/13/2019,$50.97,12165820,$50.52,$51.03,$50.31
03/12/2019,$50.38,12772180,$50.91,$51.09,$50.3546
03/11/2019,$50.9,13959820,$51.39,$51.55,$50.54
03/08/2019,$51.39,18674020,$51.09,$51.41,$50.362
03/07/2019,$51.51,19096810,$52.7,$52.82,$51.22
03/06/2019,$52.89,23058990,$53.81,$54,$52.65
03/05/2019,$53.8,23824680,$53.14,$54.38,$52.92
03/04/2019,$53.05,20132080,$53.2,$53.265,$52.51
03/01/2019,$53.22,34601800,$51.67,$53.28,$51.51
02/28/2019,$51.66,80651040,$51.86,$52.62,$51.075
02/27/2019,$50.96,17025540,$50,$51.14,$49.95
02/26/2019,$50.16,12131690,$50.6,$50.86,$50.09
02/25/2019,$50.65,9978249,$51.15,$51.15,$50.57
02/22/2019,$50.98,14910190,$50.44,$51.04,$50.13
02/21/2019,$50.13,25900430,$51.08,$52.8,$50.09
02/20/2019,$51.3,21470550,$51.35,$51.89,$50.75
02/19/2019,$51.36,9732673,$51.68,$52.02,$51.255
02/15/2019,$51.67,15449070,$51.42,$51.87,$50.92
02/14/2019,$50.83,17853240,$51.06,$51.36,$50.51
02/13/2019,$50.98,14603680,$49.85,$51.19,$49.71
02/12/2019,$49.71,13814780,$50.38,$50.45,$49.51
02/11/2019,$50.1,14104370,$50.22,$50.32,$49.58
02/08/2019,$50.22,9618751,$49.71,$50.2525,$49.58
02/07/2019,$50.05,10636130,$50.75,$50.77,$49.775
02/06/2019,$51.14,13099710,$50.04,$51.22,$50
02/05/2019,$50.15,15026980,$51.02,$51.07,$50.09
02/04/2019,$50.85,26119730,$50.82,$50.9,$49.58
02/01/2019,$49.89,18512030,$49.01,$50.04,$48.58
01/31/2019,$49.37,12943360,$49.09,$49.55,$48.664
01/30/2019,$48.86,10346240,$48.78,$49.21,$48.18
01/29/2019,$48.32,10881200,$48.3,$48.65,$47.88
01/28/2019,$48.32,9722954,$48.67,$48.83,$48.14
01/25/2019,$48.93,19652090,$49.57,$50.1,$48.46
01/24/2019,$49.02,20222040,$48.75,$50.5,$48.3
01/23/2019,$49.96,15678340,$50.03,$50.4,$49.6
01/22/2019,$49.72,17123020,$49.78,$49.8,$49.03
01/18/2019,$50.12,20407960,$49.78,$50.33,$48.94
01/17/2019,$49.6,21181740,$49.16,$49.885,$48.4708
01/16/2019,$49.13,14936840,$49.65,$50.255,$49.1
01/15/2019,$49.72,23092820,$48.29,$49.83,$48
01/14/2019,$47.97,18295430,$48.3,$48.37,$47.58
01/11/2019,$47.99,12464460,$47.5,$48.02,$47.1
01/10/2019,$47.72,24947480,$47.08,$48.01,$46.42
01/09/2019,$47.18,19719550,$48,$48,$46.74
01/08/2019,$47.99,16355890,$48.78,$48.88,$47
01/07/2019,$48.41,26754220,$47.04,$48.74,$46.36
01/04/2019,$46.89,47490310,$45.875,$47.55,$45.86
01/03/2019,$45.12,80376350,$46.92,$47.62,$44.3
01/02/2019,$52.43,8441328,$51.34,$52.84,$51.34
12/31/2018,$51.98,7369763,$51.07,$52.0058,$51.03
12/28/2018,$50.94,7686425,$50.61,$51.695,$50.5
12/27/2018,$50.41,7919133,$49.64,$50.41,$48.7184
12/26/2018,$50.03,8380911,$48.81,$50.1,$47.89
12/24/2018,$48.76,5580836,$49.46,$49.69,$48.75
12/21/2018,$49.82,14453360,$50.22,$51.38,$49.63
12/20/2018,$50.06,10156880,$50.25,$50.59,$49.75
12/19/2018,$50.39,7810955,$51.85,$52,$49.86
12/18/2018,$51.56,8230263,$51.36,$52.05,$51.055
12/17/2018,$50.92,12515870,$51.93,$52.44,$50.76
12/14/2018,$52.12,10013200,$53.21,$53.26,$51.93
12/13/2018,$53.64,7127691,$53.51,$53.935,$53.31
12/12/2018,$53.44,7447179,$53,$54.25,$52.96
12/11/2018,$52.43,6674510,$53.07,$53.17,$51.92
12/10/2018,$52.58,8036792,$53.25,$53.29,$51.37
12/07/2018,$53.08,9402802,$53.23,$53.8,$52.75
12/06/2018,$53.25,11210750,$52.16,$53.25,$51.66
12/04/2018,$52.03,9146613,$53.42,$53.83,$51.95
12/03/2018,$53.28,9391959,$53.58,$53.99,$52.95
11/30/2018,$53.46,13895740,$51.8,$53.48,$51.75
11/29/2018,$51.82,7428202,$51.99,$52.37,$51.38
11/28/2018,$52,7995039,$51.45,$52.33,$51.26
11/27/2018,$51.15,16558060,$50.69,$51.25,$49.86
11/26/2018,$52.73,6745103,$53.39,$53.47,$52.35
11/23/2018,$52.93,2328100,$52.98,$53.44,$52.68
11/21/2018,$53.2,6934600,$53.8,$53.88,$52.95
11/20/2018,$53.52,12617350,$53.01,$53.81,$52.9003
11/19/2018,$53.48,11079110,$53.96,$54.13,$52.99
11/16/2018,$54.07,10088740,$53.59,$54.81,$53.43
11/15/2018,$53.27,7575876,$52.15,$53.35,$51.7068
11/14/2018,$52.59,6274968,$52.89,$52.94,$52.275
11/13/2018,$52.59,4338605,$53.02,$53.32,$52.3
11/12/2018,$52.85,5865735,$53.36,$53.53,$52.7
11/09/2018,$53.39,8107392,$52.8,$53.62,$52.6
11/08/2018,$52.81,6982882,$53.01,$53.67,$52.62
11/07/2018,$52.99,9483921,$51.88,$53.11,$51.88
11/06/2018,$51.35,10195900,$51.97,$52.12,$50.5
11/05/2018,$52.03,6803469,$51.31,$52.13,$51.22
11/02/2018,$50.69,9236479,$52.46,$52.49,$50.375
11/01/2018,$52.13,8071194,$50.68,$52.235,$50.64
10/31/2018,$50.54,9513710,$50.4,$51.16,$50.11
10/30/2018,$50.02,11263830,$49.72,$50.19,$49.08
10/29/2018,$49.73,10028530,$51.18,$51.21,$49.2
10/26/2018,$50.43,13671610,$49.21,$51.06,$48.79
10/25/2018,$49.21,16206240,$48.83,$50.37,$46.94
10/24/2018,$48.83,13576970,$50.7,$51.17,$48.67
10/23/2018,$50.65,15368610,$50.52,$51.03,$49.83
10/22/2018,$50.88,24631070,$51.25,$51.9,$50.51
10/19/2018,$54.3,14980580,$55.85,$55.85,$54.29
10/18/2018,$55.98,13606260,$57.5,$57.53,$55.7
10/17/2018,$58.9,6545515,$57.93,$59.275,$57.66
10/16/2018,$57.83,6445283,$57.93,$58.09,$57.12
10/15/2018,$57.61,6356565,$57.7,$58.195,$57.345
10/12/2018,$57.51,10484760,$57.81,$57.96,$56.66
10/11/2018,$57.5,12525170,$60.77,$60.77,$57.021
10/10/2018,$60.77,10419840,$62.93,$63.35,$60.75
10/09/2018,$63.23,6618652,$62.71,$63.69,$62.47
10/08/2018,$62.9,7758925,$62.46,$63.15,$62.21
10/05/2018,$62.41,3798200,$62.48,$62.89,$62.12
10/04/2018,$62.36,4368600,$62.23,$62.6,$61.9
10/03/2018,$62.65,4742449,$62.99,$63.205,$62.32
10/02/2018,$62.8,5330123,$62.23,$62.82,$61.92
10/01/2018,$62.1,4343983,$62.37,$62.645,$62.04
09/28/2018,$62.08,3690953,$61.95,$62.11,$61.685
09/27/2018,$61.95,4649122,$61.66,$62.09,$61.47
09/26/2018,$61.62,5841979,$61.88,$62.38,$61.42
09/25/2018,$61.82,5904151,$61.82,$62.515,$61.735
09/24/2018,$61.59,3411923,$61.99,$62.29,$61.275
09/21/2018,$62.25,9008865,$61.87,$62.615,$61.75
09/20/2018,$61.75,4496909,$60.83,$61.95,$60.82
09/19/2018,$60.8,4446566,$61.54,$62.24,$60.59
09/18/2018,$61.48,3677501,$61.18,$61.655,$61.13
09/17/2018,$61.3,4410354,$60.85,$61.5,$60.66
09/14/2018,$60.69,3795745,$60.67,$60.72,$60.29
09/13/2018,$60.79,6046563,$60.7,$60.96,$59.52
09/12/2018,$60.33,7025483,$60.53,$60.64,$59.88
09/11/2018,$60.49,3536683,$60.85,$61.01,$60.44
09/10/2018,$60.86,3778258,$61.5,$61.77,$60.8
09/07/2018,$61.31,3359684,$60.72,$61.4142,$60.64
09/06/2018,$60.94,4979534,$61.03,$61.38,$60.87
09/05/2018,$61.2,6248380,$60.6,$61.31,$60.41
09/04/2018,$60.48,4728302,$60.5,$60.69,$59.88
08/31/2018,$60.55,3344106,$60.47,$60.7,$60.21
08/30/2018,$60.69,3917648,$61.05,$61.23,$60.48
08/29/2018,$61.12,4508087,$60.1,$61.25,$60.06
08/28/2018,$60.17,3051082,$59.93,$60.28,$59.68
08/27/2018,$60.01,4334351,$60.23,$60.63,$59.955
08/24/2018,$59.97,4575653,$60.1,$60.25,$59.635
08/23/2018,$60.09,3415026,$60.54,$60.725,$59.92
08/22/2018,$60.57,5549571,$60.12,$60.74,$59.87
08/21/2018,$60.08,5077894,$60.41,$60.66,$60.06
08/20/2018,$60.32,6138450,$61.11,$61.11,$60.32
08/17/2018,$60.89,8798774,$61.3,$61.59,$60.8
08/16/2018,$61.11,7056244,$60.28,$61.3525,$59.93
08/15/2018,$60.26,4712573,$59.87,$60.42,$59.39
08/14/2018,$59.96,4732697,$59.3,$60.14,$59.3
08/13/2018,$59.42,4638987,$59.2,$59.8,$59.12
08/10/2018,$59.31,3521545,$59.62,$59.83,$58.98
08/09/2018,$59.53,3997468,$59.77,$60.14,$59.35
08/08/2018,$60.17,6955107,$59.34,$60.44,$58.86
08/07/2018,$58.98,4786866,$59.38,$59.485,$58.83
08/06/2018,$59.39,5524834,$59.03,$59.63,$58.72
08/03/2018,$59.16,4666499,$59.15,$59.345,$58.89
08/02/2018,$59.27,5852170,$59.5,$59.725,$58.635
08/01/2018,$59.62,7722681,$58.86,$60.19,$58.77
07/31/2018,$58.75,6560957,$59.14,$59.42,$58.41
07/30/2018,$58.93,8075360,$56.92,$59.02,$56.82
07/27/2018,$56.92,6386999,$58.56,$58.76,$56.83
07/26/2018,$57.92,14645600,$60.11,$60.99,$56.08
07/25/2018,$59.04,8873665,$58.08,$59.21,$57.95
07/24/2018,$58.26,9462159,$56.08,$58.27,$56.0401
07/23/2018,$55.88,7584036,$56.01,$56.17,$55.4501
07/20/2018,$56.71,4768353,$56.6,$56.8801,$56.42
07/19/2018,$56.54,3790527,$56.84,$56.93,$56.08
07/18/2018,$56.88,3730348,$56.58,$56.91,$56.29
07/17/2018,$56.63,3898875,$56.63,$56.81,$56.41
07/16/2018,$56.43,3777391,$56.88,$56.93,$56.21
07/13/2018,$56.86,3685062,$56.62,$57.07,$56.525
07/12/2018,$56.81,4080880,$56.55,$56.85,$56.19
07/11/2018,$55.75,3876945,$56,$56.1081,$55.53
07/10/2018,$56.18,3700111,$56.77,$56.77,$56
07/09/2018,$56.45,4099009,$56.64,$56.75,$56.295
07/06/2018,$56.56,5157456,$56.22,$56.6833,$56.11
07/05/2018,$55.95,5328213,$55.43,$56.91,$54.87
07/03/2018,$55.65,3933215,$55.25,$56.02,$55.085
07/02/2018,$55.19,5497925,$55.17,$55.24,$54.48
06/29/2018,$55.34,7726211,$55.29,$55.85,$55.15
06/28/2018,$55.3,10413020,$54.49,$55.635,$54.48
06/27/2018,$54.47,9404124,$54.65,$54.805,$54.3
06/26/2018,$54.91,8749724,$54.6,$55.24,$54.575
06/25/2018,$54.67,7430275,$55,$55.33,$54.25
06/22/2018,$55.14,10732460,$54.65,$55.335,$54.24
06/21/2018,$53.94,5832628,$54.18,$54.39,$53.495
06/20/2018,$54.25,6141442,$53.6,$54.305,$53.56
06/19/2018,$53.64,5469196,$53.4,$53.73,$53.04
06/18/2018,$53.65,8518750,$54.28,$54.49,$53.51
06/15/2018,$54.8,14496480,$54.14,$54.81,$53.86
06/14/2018,$53.63,4736364,$53.48,$53.86,$53.1101
06/13/2018,$53.46,7121396,$53.35,$54.3,$53.24
06/12/2018,$53.13,7365594,$53.14,$53.36,$52.98
06/11/2018,$53.12,4927203,$53.3,$53.5,$52.86
06/08/2018,$53.16,4686736,$52.62,$53.22,$52.59
06/07/2018,$52.62,5669729,$52.95,$53.09,$52.4
06/06/2018,$52.92,7211774,$52.01,$52.965,$51.68
06/05/2018,$51.92,8081428,$51.4,$52.18,$51.27
06/04/2018,$51.45,15081660,$52.33,$52.4,$49.97
06/01/2018,$53.13,6114302,$52.91,$53.4,$52.7
05/31/2018,$52.62,8860486,$53.14,$53.18,$52.46
05/30/2018,$53.02,6454904,$52.48,$53.45,$52.48
05/29/2018,$52.27,7711027,$52.37,$52.62,$51.77
05/25/2018,$52.77,3735341,$52.81,$53,$52.54
05/24/2018,$52.69,4923669,$52.54,$52.75,$52.115
05/23/2018,$52.5,5961954,$52.34,$52.625,$52.11
05/22/2018,$52.34,3751011,$52.28,$52.82,$52.2
05/21/2018,$52.24,5431845,$52.07,$52.76,$51.92
05/18/2018,$52.71,6432900,$52.88,$53.15,$52.43
05/17/2018,$52.74,8097423,$52.05,$53.4,$51.96
05/16/2018,$52.21,4870171,$52.45,$52.62,$52.12
05/15/2018,$52.3,8132676,$51.95,$52.34,$51.71
05/14/2018,$52.02,8174065,$51.94,$52.6,$51.7
05/11/2018,$51.86,8987276,$51.38,$52.11,$51.05
05/10/2018,$51.15,9100400,$51.33,$51.705,$50.995
05/09/2018,$51.09,11587310,$50.51,$51.21,$50.35
05/08/2018,$50.53,12204980,$51.2,$51.2,$49.96
05/07/2018,$51.32,6259869,$51.32,$51.68,$51.04
05/04/2018,$51.33,6140719,$51.16,$51.5,$50.67
05/03/2018,$51.45,7821201,$51.6,$51.85,$50.76
05/02/2018,$51.5,8250677,$52.36,$52.4,$51.275
05/01/2018,$52.69,9821547,$51.98,$52.735,$51.62
04/30/2018,$52.13,11437150,$52.67,$52.675,$51.83
04/27/2018,$52.27,7177153,$52.33,$52.87,$52.01
04/26/2018,$52.04,14209830,$51.53,$52.76,$50.56
04/25/2018,$51.76,13054210,$51.48,$51.87,$50.56
04/24/2018,$51.58,12129780,$51.02,$51.975,$50.72
04/23/2018,$50.9,10260400,$51.25,$51.53,$50.66
04/20/2018,$51.17,11638840,$51.62,$51.85,$51.02
04/19/2018,$51.61,17116450,$52.35,$52.54,$51.51
04/18/2018,$52.3,14516670,$52.35,$52.85,$52.04
04/17/2018,$52.38,27798580,$54.2,$54.23,$52.2
04/16/2018,$54.08,34820470,$58.41,$58.67,$52.7
04/13/2018,$58.65,10679360,$59.15,$59.28,$57.91
04/12/2018,$58.84,14980350,$59.3,$59.31,$57.85
04/11/2018,$60.18,7704269,$60.6,$60.77,$59.9398
04/10/2018,$61.21,6029177,$61.36,$61.48,$60.5299
04/09/2018,$60.48,9053260,$60.91,$61.0438,$58.34
04/06/2018,$60.88,6344439,$62.07,$62.13,$59.98
04/05/2018,$62.31,3856681,$62.99,$63.19,$62.16
04/04/2018,$62.98,5252300,$61.87,$63.23,$61.55
04/03/2018,$62.77,6064494,$62.32,$62.86,$61.53
04/02/2018,$62,6319734,$62.93,$63.23,$60.73
03/29/2018,$63.25,5732270,$62.87,$63.75,$62.38
03/28/2018,$62.57,5521237,$62.58,$63.36,$62.42
03/27/2018,$62.41,6221369,$63.64,$63.67,$61.8001
03/26/2018,$63.4,6198164,$62.78,$63.57,$61.73
03/23/2018,$62.06,8476933,$64.05,$64.05,$61.94
03/22/2018,$63.95,6765341,$65.58,$65.89,$63.91
03/21/2018,$66.1,4331812,$66.54,$66.99,$66.09
03/20/2018,$66.43,6307368,$66.38,$67.16,$65.72
03/19/2018,$66.07,5519192,$66.62,$66.98,$65.18
03/16/2018,$66.6,8141787,$66.18,$67.44,$66.18
03/15/2018,$66.25,3383711,$66.76,$66.93,$66.21
03/14/2018,$66.63,4859343,$67.08,$67.26,$66.27
03/13/2018,$66.68,5905816,$67.81,$68.22,$66.27
03/12/2018,$67.45,5031691,$67.9,$68.18,$67.18
03/09/2018,$67.92,5542269,$66.95,$68.05,$66.67
03/08/2018,$66.75,3999942,$66.2,$66.96,$66.08
03/07/2018,$66.1,5917117,$64.9,$66.26,$64.7
03/06/2018,$65.47,6276380,$67.22,$67.4,$65.185
03/05/2018,$66.82,5242263,$65.83,$67.14,$65.6
03/02/2018,$66.17,4809920,$65.45,$66.5,$65.13
03/01/2018,$65.69,7776960,$66.1,$66.52,$64.83
02/28/2018,$66.2,8356868,$67.85,$67.94,$66.17
02/27/2018,$67.84,4398135,$68.54,$68.8796,$67.82
02/26/2018,$68.63,4229351,$67.99,$68.865,$67.88
02/23/2018,$67.95,5235834,$66.17,$68.03,$66.17
02/22/2018,$65.94,6187148,$67,$67,$65.86
02/21/2018,$66.53,7045249,$67.34,$67.75,$66.51
02/20/2018,$67.35,8693285,$68.49,$68.83,$67.04
02/16/2018,$68.96,10520900,$68.86,$70.05,$68.52
02/15/2018,$68.98,15580810,$67.31,$69.44,$67.1816
02/14/2018,$65.35,10290470,$63.59,$65.94,$63.27
02/13/2018,$63.87,7357292,$62.8,$64.11,$62.69
02/12/2018,$63.16,7452030,$62.95,$63.588,$62.3
02/09/2018,$62.7,11157810,$63.3,$63.32,$60.57
02/08/2018,$62.69,14787500,$62.55,$64.7652,$62.53
02/07/2018,$62.63,11917910,$60.64,$62.77,$60.3
02/06/2018,$60.9,18122470,$59.83,$61.205,$58.44
02/05/2018,$60.96,22937420,$65.43,$65.89,$60.93
02/02/2018,$63.48,11718760,$62.89,$64.29,$62.85
02/01/2018,$62.8,7132976,$62.18,$62.98,$61.945
01/31/2018,$62.6,8886792,$63.96,$64.03,$61.935
01/30/2018,$63.96,5847901,$63.93,$64.61,$63.31
01/29/2018,$64.43,6762412,$64.12,$64.9599,$64.08
01/26/2018,$64.25,6727031,$63.93,$64.731,$63.63
01/25/2018,$63.52,6181950,$64,$64.26,$63.2
01/24/2018,$63.76,6478549,$63.71,$64,$63.14
01/23/2018,$63.43,5889284,$62.99,$63.68,$62.8
01/22/2018,$63.28,6747874,$62.29,$63.425,$62.02
01/19/2018,$62.28,7490267,$62.1,$62.42,$61.56
01/18/2018,$61.83,7904127,$61.81,$61.9,$61.095
01/17/2018,$61.85,10605190,$60.33,$62,$60.28
01/16/2018,$59.92,14464430,$61.75,$61.86,$59.42
01/12/2018,$62.81,5483673,$62.75,$63.22,$62.52
01/11/2018,$62.47,6590763,$61.99,$62.52,$61.8
01/10/2018,$62.01,5085655,$61.52,$62.07,$61.18
01/09/2018,$61.85,5156300,$61.87,$62.1,$61.55
01/08/2018,$61.91,4663711,$61.78,$62.2,$61.21
01/05/2018,$61.89,6113335,$61.87,$62.175,$61.48
01/04/2018,$61.75,6403191,$61,$61.82,$60.78
01/03/2018,$61.36,7433867,$61.21,$61.505,$60.7
01/02/2018,$61.31,6468548,$61.4,$61.51,$60.84
12/29/2017,$61.28,3952693,$61.97,$62.255,$61.26
12/28/2017,$61.77,2500433,$61.6,$61.85,$61.37
12/27/2017,$61.68,3705080,$61.35,$62.02,$61.3
12/26/2017,$61.26,3674095,$60.98,$61.55,$60.96
12/22/2017,$60.96,5470719,$61.48,$61.71,$60.6
12/21/2017,$61.5,6195536,$61.45,$61.8,$61.03
12/20/2017,$61.2,6974211,$61.57,$61.75,$60.59
12/19/2017,$61.56,5506145,$62.64,$62.76,$61.52
12/18/2017,$62.4,5608892,$62.58,$62.75,$62.18
12/15/2017,$62.41,8851648,$62.57,$62.84,$61.97
12/14/2017,$62.13,5471252,$63.48,$63.52,$61.72
12/13/2017,$63.47,4348991,$63.14,$63.97,$63
12/12/2017,$63.28,4797227,$63.19,$63.65,$63.19
12/11/2017,$63.02,3941123,$62.22,$63.41,$62.09
12/08/2017,$62.42,5301793,$61.82,$62.72,$61.68
12/07/2017,$61.84,5134577,$60.96,$61.89,$60.96
12/06/2017,$60.97,4758697,$62.09,$62.29,$60.83
12/05/2017,$62.02,4820356,$62.66,$63,$61.63
12/04/2017,$62.47,4878614,$63.17,$63.87,$62.44
12/01/2017,$63.24,4147886,$63.16,$63.62,$62.44
11/30/2017,$63.19,8049749,$63.09,$63.8,$62.53
11/29/2017,$62.9,5044502,$62.43,$63.39,$61.9
11/28/2017,$62.52,8515746,$61.72,$62.96,$61.61
11/27/2017,$61.61,3032616,$61.53,$61.84,$61.34
11/24/2017,$61.43,1985668,$61.15,$61.61,$61.03
11/22/2017,$61.14,3192233,$61.28,$61.77,$61
11/21/2017,$61.24,3967154,$61.2,$61.74,$60.98
11/20/2017,$60.8,4901420,$61.17,$61.2199,$60.15
11/17/2017,$61.32,3937228,$61.56,$61.895,$60.99
11/16/2017,$61.87,4276664,$61.25,$61.97,$61.01
11/15/2017,$61.07,3260649,$61.26,$61.28,$60.53
11/14/2017,$61.25,3986891,$60.96,$61.65,$60.67
11/13/2017,$60.99,4222287,$60.7,$61.21,$60.5
11/10/2017,$60.86,5592628,$61.75,$61.75,$60.34
11/09/2017,$61.99,3670246,$62.21,$62.35,$61.76
11/08/2017,$62.58,4535865,$61.63,$62.82,$61.625
11/07/2017,$61.91,4046942,$61.58,$62.43,$61.45
11/06/2017,$61.68,4222569,$62.24,$62.27,$61.28
11/03/2017,$62.22,3327317,$62.08,$62.25,$61.795
11/02/2017,$62.23,4058167,$62.15,$62.87,$61.73
11/01/2017,$62.16,4713216,$61.86,$62.35,$61.49
10/31/2017,$61.66,8234174,$60.94,$61.9,$60.68
10/30/2017,$60.84,8442650,$61.09,$61.53,$60.28
10/27/2017,$59.94,9539449,$60.98,$61.69,$59.79
10/26/2017,$60.95,13115520,$62.51,$63.25,$60.4
10/25/2017,$64,6200796,$63.46,$64.56,$63.41
10/24/2017,$63.65,6165554,$63.75,$64.05,$63.36
10/23/2017,$63.75,5990167,$64.62,$64.69,$63.69
10/20/2017,$64.42,5227230,$64.79,$64.99,$64.21
10/19/2017,$64.67,4919469,$63.82,$64.69,$63.675
10/18/2017,$63.7,5595017,$64.25,$64.7,$63.55
10/17/2017,$64.18,5030781,$63.63,$64.37,$63.41
10/16/2017,$63.65,6692289,$64.54,$65.04,$63.31
10/13/2017,$65.29,6209575,$65.51,$66.1,$65.14
10/12/2017,$65.35,5424763,$65.15,$65.73,$64.9
10/11/2017,$65.11,3875485,$65.13,$65.5,$64.93
10/10/2017,$65.13,5008398,$64.24,$65.26,$64.16
10/09/2017,$64.15,3267379,$64.76,$64.86,$64.085
10/06/2017,$64.81,6161013,$63.89,$65.03,$63.83
10/05/2017,$63.8,6091678,$64.22,$64.34,$63.73
10/04/2017,$64.74,4583684,$64.47,$64.79,$64.38
10/03/2017,$64.29,5055878,$64.41,$64.79,$64.17
10/02/2017,$64.56,5991743,$63.8,$64.78,$63.64
09/29/2017,$63.74,5385085,$63.16,$63.75,$63.06
09/28/2017,$63.01,5808238,$62.79,$63.459,$62.59
09/27/2017,$62.95,4614375,$62.78,$63.145,$62.57
09/26/2017,$62.93,3472457,$63.12,$63.6,$62.805
09/25/2017,$63.19,5953825,$63.33,$63.69,$63.06
09/22/2017,$63.36,3665802,$63.33,$63.55,$63.04
09/21/2017,$63.33,5243440,$63.35,$63.74,$63.03
09/20/2017,$63.49,5545038,$62.92,$63.72,$62.72
09/19/2017,$62.93,4842105,$62.7,$63.1264,$62.59
09/18/2017,$62.7,6976368,$62.49,$63.21,$62.27
09/15/2017,$62.48,10380470,$62.9,$63.38,$62.31
09/14/2017,$62.69,5346623,$62.38,$63.11,$62.32
09/13/2017,$62.48,4354351,$62.88,$63.08,$62.23
09/12/2017,$63.02,4782982,$62.44,$63.09,$62.42
09/11/2017,$62.72,6078974,$62.62,$63.135,$62.14
09/08/2017,$62.62,6579060,$62.74,$63.18,$62.23
09/07/2017,$62.84,17285730,$60.5,$63.47,$60.49
09/06/2017,$59.87,4986233,$60,$60.29,$59.77
09/05/2017,$59.81,4383655,$59.54,$60.22,$59.39
09/01/2017,$59.9,6284360,$60.36,$60.65,$59.72
08/31/2017,$60.48,9716682,$59.63,$60.75,$59.61
08/30/2017,$59.38,5320402,$58.87,$59.7,$58.82
08/29/2017,$58.86,3983893,$58.35,$59.02,$58.18
08/28/2017,$58.58,3288705,$58.64,$58.8899,$58.45
08/25/2017,$58.37,4070715,$58.29,$58.67,$58.18
08/24/2017,$58.17,4470289,$57.98,$58.34,$57.8
08/23/2017,$57.87,4017279,$57.63,$58.17,$57.43
08/22/2017,$57.67,4431057,$56.79,$57.8,$56.65
08/21/2017,$56.64,4802914,$56.42,$56.92,$56.25
08/18/2017,$56.42,4799085,$56.68,$56.94,$56.41
08/17/2017,$56.77,4274385,$57.48,$57.53,$56.73
08/16/2017,$57.5,7881340,$57.33,$57.69,$56.94
08/15/2017,$57.87,5833324,$57.66,$57.9949,$57.5
08/14/2017,$57.62,5653964,$56.96,$57.76,$56.7
08/11/2017,$56.73,4060330,$56.61,$57.01,$56.41
08/10/2017,$56.59,5104978,$57.25,$57.25,$56.55
08/09/2017,$57.4,7675528,$56.79,$57.56,$56.51
08/08/2017,$56.91,7868048,$56.35,$57.57,$56.3025
08/07/2017,$56.3,5124033,$56,$56.35,$55.57
08/04/2017,$55.95,4150628,$55.56,$56.22,$55.5204
08/03/2017,$55.5,5484412,$55.1,$55.88,$55.08
08/02/2017,$55.23,6293407,$56.29,$56.45,$55.1
08/01/2017,$56.11,11042740,$57.15,$57.17,$55.665
07/31/2017,$56.9,10818000,$55.59,$57.2,$55.5
07/28/2017,$55.27,9099447,$54.24,$55.59,$53.94
07/27/2017,$54.24,21271100,$53.33,$54.44,$52.06
07/26/2017,$55.98,8044789,$55.95,$56.145,$55.5
07/25/2017,$55.95,7312739,$55.86,$56.18,$55.77
07/24/2017,$55.6,6699828,$55.65,$55.94,$55.15
07/21/2017,$55.65,5008754,$55.41,$55.77,$55.38
07/20/2017,$55.44,3823916,$55.28,$55.72,$55.18
07/19/2017,$55.07,3321521,$54.77,$55.195,$54.61
07/18/2017,$54.74,3701755,$54.77,$54.82,$54.4225
07/17/2017,$54.79,3719557,$55.28,$55.53,$54.58
07/14/2017,$55.15,6009937,$54.81,$55.449,$54.5
07/13/2017,$54.67,8130832,$55.06,$55.18,$54.22
07/12/2017,$55.04,9080961,$55.64,$56.24,$54.85
07/11/2017,$55.33,4629967,$55.81,$56.1,$55.095
07/10/2017,$55.93,3940779,$56.1,$56.32,$55.82
07/07/2017,$55.91,5337887,$55.51,$55.995,$55.075
07/06/2017,$55.28,5545490,$56.1,$56.21,$55.2
07/05/2017,$56.35,5886974,$56.27,$56.39,$55.55
07/03/2017,$56.27,6257560,$56.27,$56.88,$56.18
06/30/2017,$55.72,4679402,$55.99,$56.07,$55.68
06/29/2017,$55.82,5037060,$55.91,$56.13,$55.49
06/28/2017,$55.87,5126727,$56.15,$56.38,$55.77
06/27/2017,$55.9,5476300,$56.8,$56.86,$55.8525
06/26/2017,$56.92,5596027,$56.72,$57.27,$56.35
06/23/2017,$56.64,20794000,$57.27,$57.36,$56.24
06/22/2017,$57.33,8289314,$56.27,$57.9,$56.15
06/21/2017,$56.07,8782281,$55.75,$56.58,$55.6
06/20/2017,$55.66,7460855,$55.27,$56.41,$55.1
06/19/2017,$55.22,6207188,$54.46,$55.37,$54.32
06/16/2017,$54.46,12534900,$54.52,$54.6,$53.61
06/15/2017,$54.28,5679722,$54.49,$54.7314,$54.0214
06/14/2017,$54.52,5620074,$54.24,$54.8132,$54.13
06/13/2017,$54.19,4777305,$54.19,$54.32,$53.9
06/12/2017,$54.36,8760784,$53.75,$54.55,$53.49
06/09/2017,$53.75,7553349,$52.77,$54.18,$52.65
06/08/2017,$52.85,8661208,$52.6,$53.36,$52.55
06/07/2017,$52.57,10561750,$51.86,$52.58,$51.56
06/06/2017,$51.66,11722580,$52.3,$52.4,$51.63
06/05/2017,$52.36,18741750,$53.76,$54.3625,$52.21
06/02/2017,$54.97,7463161,$54.71,$55.17,$54.506
06/01/2017,$54.53,6552071,$54,$54.53,$53.88
05/31/2017,$53.95,8146750,$54.14,$54.35,$53.86
05/30/2017,$53.93,7138106,$53.93,$54.24,$53.76
05/26/2017,$53.97,4968194,$54.37,$54.82,$53.9
05/25/2017,$54.39,8493123,$53.89,$54.58,$53.69
05/24/2017,$53.82,6461284,$54.45,$54.45,$53.47
05/23/2017,$54.21,7177443,$54.16,$54.43,$54.14
05/22/2017,$54.1,4461913,$54.02,$54.335,$53.88
05/19/2017,$54.02,8631350,$53.82,$54.28,$53.82
05/18/2017,$53.78,12412220,$54.2,$54.49,$53.32
05/17/2017,$54.41,7715657,$54.03,$54.62,$53.7
05/16/2017,$54.39,9259364,$55,$55.28,$54.2
05/15/2017,$55.1,4913396,$55.03,$55.23,$54.83
05/12/2017,$55.03,5176967,$55.2,$55.38,$54.8
05/11/2017,$55.14,6804558,$55.14,$55.66,$54.8901
05/10/2017,$55.14,6348873,$55.18,$55.31,$54.88
05/09/2017,$55.32,7134140,$54.88,$55.48,$54.75
05/08/2017,$54.94,4730500,$54.99,$55.18,$54.54
05/05/2017,$55.15,5938017,$55.25,$55.33,$54.9599
05/04/2017,$55.19,6205069,$55.07,$55.55,$54.951
05/03/2017,$55.06,10649610,$55.49,$55.58,$54.72
05/02/2017,$55.95,16901020,$56.34,$56.79,$55.55
05/01/2017,$56.31,7419105,$56.34,$56.83,$55.91
04/28/2017,$56.05,8235476,$55.7,$56.33,$55.37
04/27/2017,$55.67,15305760,$55.36,$56.13,$54.62
04/26/2017,$53.77,9426763,$54.05,$54.65,$53.71
04/25/2017,$53.94,9320080,$53.65,$54.32,$53.65
04/24/2017,$53.55,8753421,$53.85,$54,$53.51
04/21/2017,$53.48,5222433,$53.4,$53.71,$53.15
04/20/2017,$53.44,6091733,$53.41,$53.56,$53.19
04/19/2017,$53.2,8140401,$53,$53.66,$52.88
04/18/2017,$52.93,8030505,$52.68,$53.15,$52.59
04/17/2017,$52.95,6471273,$52.75,$53.22,$52.53
04/13/2017,$52.83,7169294,$53.05,$53.185,$52.78
04/12/2017,$52.99,7190546,$52.82,$53.14,$52.75
04/11/2017,$52.98,6995533,$53.29,$53.44,$52.94
04/10/2017,$53.35,7409070,$53.35,$53.71,$53.2
04/07/2017,$53.42,7956535,$53.27,$53.66,$52.88
04/06/2017,$53.29,7404712,$53.05,$53.53,$52.51
04/05/2017,$53.08,10079970,$53.99,$54.125,$53
04/04/2017,$54.14,8996431,$54.21,$54.35,$53.95
04/03/2017,$54.21,16315570,$54.53,$55.16,$53.87
03/31/2017,$54.38,12389570,$55.3,$55.67,$54.16
03/30/2017,$55.36,8145148,$55.96,$56,$55.25
03/29/2017,$55.95,6135075,$56.17,$56.55,$55.925
03/28/2017,$56.2,8524462,$56.04,$56.369,$55.93
03/27/2017,$56.04,11138150,$55.6,$56.35,$55.53
03/24/2017,$55.89,6170597,$55.87,$56.25,$55.675
03/23/2017,$55.77,7623059,$56.08,$56.53,$55.68
03/22/2017,$56.36,9801626,$55.7,$56.42,$55.17
03/21/2017,$55.71,9394986,$56.5,$56.66,$55.38
03/20/2017,$56.41,8481366,$56.33,$56.71,$56.24
03/17/2017,$56.29,15879720,$57.23,$57.25,$56.11
03/16/2017,$57.31,9903143,$57.33,$57.582,$57.12
03/15/2017,$57.65,10337660,$56.67,$57.93,$56.67
03/14/2017,$56.69,11745940,$56.95,$57.5998,$56.58
03/13/2017,$56.93,11676540,$58.3,$58.3,$56.86
03/10/2017,$58.32,8538427,$58.03,$58.54,$57.81
03/09/2017,$57.99,7534116,$57.37,$58.05,$57.2
03/08/2017,$57.12,13555130,$56.33,$57.5,$56.22
03/07/2017,$56.33,16970320,$56.27,$56.63,$55.7827
03/06/2017,$56.97,7911546,$57.02,$57.225,$56.23
03/03/2017,$57.26,9650289,$56.74,$57.34,$56.6257
03/02/2017,$56.86,12094390,$56.89,$57.49,$56.59
03/01/2017,$57.18,13341380,$57,$57.24,$56.52
02/28/2017,$56.71,9045286,$56.54,$56.93,$56.21
02/27/2017,$56.56,11284930,$56.5,$56.995,$56.2446
02/24/2017,$56.44,11381170,$55.92,$56.47,$55.875
02/23/2017,$55.77,14397280,$55.63,$56.09,$55.02
02/22/2017,$55.35,21284800,$55.49,$56.45,$55.293
02/21/2017,$54.78,26821910,$54.41,$57.21,$53.41
02/17/2017,$54.59,9706066,$54.3,$54.72,$54.08
02/16/2017,$54.28,9913967,$55.08,$55.156,$53.92
02/15/2017,$55.03,11854480,$53.7,$55.335,$53.6
02/14/2017,$53.71,19781440,$52.31,$54.27,$52.0875
02/13/2017,$52.03,6768017,$51.83,$52.09,$51.615
02/10/2017,$51.65,5844003,$51.61,$51.97,$51.52
02/09/2017,$51.51,5812077,$52,$52.25,$51.46
02/08/2017,$52,12236150,$51.29,$52.12,$51.12
02/07/2017,$51.66,15747400,$51.49,$52.32,$51.26
02/06/2017,$51.04,8263136,$50.65,$51.09,$50.56
02/03/2017,$50.78,10933320,$50.6,$50.9122,$50.36
02/02/2017,$50.5,18598040,$49.35,$50.89,$49.2708
02/01/2017,$49.29,16021160,$49.13,$49.32,$48.32
01/31/2017,$49.16,15092670,$48.4,$49.42,$48.205
01/30/2017,$48.69,15736120,$48.22,$49.1,$47.96
01/27/2017,$47.74,22901530,$47.26,$48.62,$47.12
01/26/2017,$46.82,44779490,$48.59,$49.51,$46.01
01/25/2017,$49.55,15973300,$49.34,$49.57,$48.8
01/24/2017,$48.96,17164870,$50.05,$50.14,$48.93
01/23/2017,$50,23879670,$49.53,$50.3062,$49.15
01/20/2017,$49.23,76992330,$50.01,$50.69,$48.92
01/19/2017,$55.49,6901877,$56.1,$56.31,$55.3359
01/18/2017,$56.07,6639500,$56.51,$56.55,$55.89
01/17/2017,$56.28,10416330,$55.89,$56.58,$55.21
01/13/2017,$56.22,7659387,$56.56,$56.73,$56.05
01/12/2017,$56.55,9969734,$56.5,$56.78,$56.015
01/11/2017,$56.8,20494140,$58.12,$58.87,$56.53
01/10/2017,$59.98,5997859,$59.78,$60.45,$59.72
01/09/2017,$59.73,5263011,$59.75,$59.92,$59.65
01/06/2017,$59.95,10099390,$60.04,$60.33,$58.85
01/05/2017,$60.13,8416574,$59.39,$60.42,$59.31
01/04/2017,$59.14,6703270,$59.46,$59.75,$59.03
01/03/2017,$59.45,9952332,$58.78,$59.68,$58.58
12/30/2016,$58.44,7008756,$58.86,$58.96,$58.21
12/29/2016,$58.9,3642644,$58.81,$59.19,$58.63
12/28/2016,$58.61,4183806,$59.29,$59.44,$58.535
12/27/2016,$59.33,4251889,$59.61,$59.75,$59.29
12/23/2016,$59.61,5412677,$58.85,$59.925,$58.77
12/22/2016,$58.76,4812021,$58.74,$58.98,$58.515
12/21/2016,$58.69,4431624,$59.23,$59.58,$58.68
12/20/2016,$59.12,3911078,$59.3,$59.53,$58.94
12/19/2016,$59.42,8378451,$59.04,$59.85,$59.02
12/16/2016,$58.62,12061720,$58.92,$59.05,$58.2
12/15/2016,$58.65,13197190,$58.51,$59.8,$58.28
12/14/2016,$58.5,12596100,$57.3,$58.52,$57.27
12/13/2016,$57.17,6775665,$57,$57.3423,$56.7
12/12/2016,$56.55,8814547,$56.83,$56.97,$56.4
12/09/2016,$57.04,11755360,$55.16,$57.18,$55.1
12/08/2016,$55.23,8189955,$54.93,$55.42,$54.7805
12/07/2016,$55.24,12197560,$55.55,$55.68,$54.36
12/06/2016,$56.03,5924280,$55.71,$56.04,$55.56
12/05/2016,$55.55,9903299,$55.86,$55.96,$55.23
12/02/2016,$55.96,9279904,$55.69,$56.11,$55.3
12/01/2016,$55.8,12713650,$55.94,$56.27,$55.44
11/30/2016,$56.44,16418910,$56.29,$56.69,$56
11/29/2016,$56.36,9818866,$56.62,$56.89,$56.135
11/28/2016,$56.51,8676887,$56.92,$56.96,$56.25
11/25/2016,$56.98,6228571,$56.85,$57.14,$56.71
11/23/2016,$56.75,10159360,$56.05,$56.78,$55.78
11/22/2016,$56.55,10349820,$56.66,$56.9,$56.26
11/21/2016,$56.73,11304000,$56.71,$56.845,$56.4
11/18/2016,$56.76,7382422,$56.58,$56.84,$56.25
11/17/2016,$56.68,6819402,$56.75,$57.0961,$56.06
11/16/2016,$56.2,8346781,$56.7,$56.72,$55.925
11/15/2016,$56.69,9304482,$56.73,$56.785,$55.76
11/14/2016,$56.56,7234843,$56.66,$56.85,$56.02
11/11/2016,$56.37,12427360,$56.31,$56.73,$55.88
11/10/2016,$56.66,17737740,$57,$57.55,$56.22
11/09/2016,$56.3,28678630,$55.25,$57.3,$54.9
11/08/2016,$53.16,10082080,$52.29,$53.34,$52.02
11/07/2016,$52.62,12824490,$51.7,$53.1,$51.59
11/04/2016,$51.01,12816220,$50.5,$51.45,$50.46
11/03/2016,$50.21,14905750,$50.51,$50.8841,$50.1
11/02/2016,$50.57,8189993,$50.93,$50.98,$50.53
11/01/2016,$50.8,8738247,$50.93,$51.36,$50.375
10/31/2016,$50.91,11325710,$51.05,$51.62,$50.65
10/28/2016,$51,13205620,$52.11,$52.22,$50.66
10/27/2016,$51.96,31889260,$52.42,$53.1672,$50.66
10/26/2016,$49.29,8322822,$49.58,$49.76,$49.07
10/25/2016,$49.55,10210270,$49.22,$50.13,$49.03
10/24/2016,$49.23,12107310,$50.11,$50.1675,$49.04
10/21/2016,$50.02,8554702,$50.11,$50.45,$49.88
10/20/2016,$50.36,9308533,$49.81,$50.48,$49.76
10/19/2016,$49.87,7635879,$49.95,$50.18,$49.8
10/18/2016,$50.05,8772990,$49.48,$50.35,$49.34
10/17/2016,$49.34,11574540,$49.69,$49.79,$49.1
10/14/2016,$49.77,13843760,$50.35,$50.65,$49.755
10/13/2016,$50.24,15095720,$49.63,$50.49,$49.12
10/12/2016,$50.01,18134000,$49.82,$50.97,$49.74
10/11/2016,$49.55,24528560,$49.67,$50.23,$49.5
10/10/2016,$49.81,65231620,$50.79,$51.3,$49.54
10/07/2016,$55.43,12696250,$55.22,$55.9,$55.06
10/06/2016,$55.05,10953410,$54.57,$55.36,$54.48
10/05/2016,$54.79,10959430,$54.9,$55.2,$54.49
10/04/2016,$55.21,14018830,$54.9,$55.82,$54.8
10/03/2016,$54.66,9695161,$53.94,$54.7,$53.56
09/30/2016,$53.92,12386260,$53.93,$54.37,$53.9
09/29/2016,$53.87,17222980,$55.26,$55.27,$53.76
09/28/2016,$55.09,13756850,$55.81,$55.81,$54.93
09/27/2016,$55.74,8600571,$55.68,$55.89,$55.5
09/26/2016,$55.48,8596979,$56.26,$56.31,$55.4
09/23/2016,$56.48,8565954,$56.3,$56.95,$56.26
09/22/2016,$56.42,10609540,$56.03,$56.65,$55.87
09/21/2016,$55.93,11649570,$55.86,$56.12,$55.26
09/20/2016,$55.56,9938782,$55.35,$56.28,$55.16
09/19/2016,$55.08,10514600,$55.95,$55.97,$55.02
09/16/2016,$55.6,12082650,$56.22,$56.41,$55.53
09/15/2016,$55.97,9837476,$55.35,$56.34,$55.27
09/14/2016,$55.23,8975471,$55.85,$56.087,$55.11
09/13/2016,$55.6,9459847,$56.08,$56.13,$55.09
09/12/2016,$56.32,9958307,$55.3,$56.44,$55.02
09/09/2016,$55.66,12340880,$56.6,$57.01,$55.66
09/08/2016,$56.81,11567280,$56.63,$57.245,$56.28
09/07/2016,$56.57,11715240,$57.02,$57.45,$56.42
09/06/2016,$56.96,11700750,$56.69,$57.128,$56.12
09/02/2016,$56.35,33994220,$56.93,$56.93,$55.11
09/01/2016,$56.76,12868900,$57.6,$57.62,$56.49
08/31/2016,$57.39,12533040,$57.37,$57.51,$56.92
08/30/2016,$57.24,16796060,$58.97,$58.97,$57.16
08/29/2016,$58.76,6571888,$58.89,$59.14,$58.46
08/26/2016,$58.77,7841675,$58.76,$59.4,$58.54
08/25/2016,$58.76,9110650,$58.59,$59.41,$58.36
08/24/2016,$58.59,13186620,$59.8,$60,$58.4
08/23/2016,$59.86,10581870,$59.51,$60.04,$59.3
08/22/2016,$59.26,11125850,$59.65,$59.68,$59.01
08/19/2016,$59.29,11795010,$58.74,$59.35,$58.53
08/18/2016,$58.68,14686940,$58.27,$59.475,$58.26
08/17/2016,$58.3,21000860,$59.5,$59.52,$58.07
08/16/2016,$59.41,13266460,$60.02,$60.3899,$59.3
08/15/2016,$60.03,12138480,$60.74,$60.855,$60.01
08/12/2016,$60.63,9373142,$61.23,$61.3,$60.61
08/11/2016,$60.97,14571460,$60.7,$61.13,$60.25
08/10/2016,$60.58,14436440,$61.77,$61.83,$60.5
08/09/2016,$61.61,24993160,$60.65,$62.2484,$60.57
08/08/2016,$60.3,60059120,$63.5,$63.6514,$60
08/05/2016,$63.28,86162010,$62,$64.77,$61.56
08/04/2016,$75.32,3474924,$74.96,$75.62,$74.57
08/03/2016,$74.8,4349626,$74.93,$75.06,$74.2542
08/02/2016,$75.05,4479610,$76.02,$76.07,$74.71
08/01/2016,$76.19,5079928,$75.13,$76.3,$74.89
07/29/2016,$74.81,4861057,$74.57,$75.16,$74.22
07/28/2016,$74.66,7412412,$75.41,$76.48,$74.5
07/27/2016,$76.47,5534000,$75.2,$76.8,$75.01
07/26/2016,$75.06,3826319,$75.78,$75.87,$74.885
07/25/2016,$75.56,3988972,$75.7,$75.75,$75.07
07/22/2016,$75.68,5271429,$75.5,$75.98,$75
07/21/2016,$75.5,3420459,$75.61,$76.08,$75.15
07/20/2016,$75.72,3949784,$75.71,$76.04,$75.54
07/19/2016,$75.47,3693234,$75.9,$76.1925,$75.43
07/18/2016,$75.96,3794127,$76.27,$76.36,$75.62
07/15/2016,$76,7523623,$77.11,$77.12,$75.08
07/14/2016,$76.77,4351995,$76.79,$76.92,$76.29
07/13/2016,$76.58,4647126,$76.69,$76.89,$76.1
07/12/2016,$76.2,5934851,$75.48,$76.55,$75.48
07/11/2016,$75.39,5274608,$75.3,$75.84,$75.03
07/08/2016,$75.28,5428099,$74.29,$75.72,$74
07/07/2016,$74.08,4056443,$73.85,$74.15,$73.63
07/06/2016,$73.86,6513326,$74.01,$74.06,$72.87
07/05/2016,$73.78,4169762,$73.75,$74.19,$73.29
07/01/2016,$73.78,3122825,$73.66,$74.16,$73.335
06/30/2016,$73.55,5763685,$73.1,$73.75,$72.71
